sum:240 avg:0.000000
sum:240 avg:0.000000
sum:270 avg:0.000000
